100
100
134 130 126 122 118 114 109 104 99  94  89  84  79  74  69  64  59  55  50  46  42  39  35  32  30  27  25  24  23  22  22  22  22  23  24  26  28  30  33  36  40  43  47  51  56  61  65  70  75  80  85  90  95  100 105 110 115 119 123 127 131 134 138 140 143 145 146 148 149 149 149 149 148 147 145 143 141 138 135 132 128 124 120 116 111 107 102 97  92  87  82  77  72  67  62  57  53  48  44  41
130 126 123 119 114 110 105 100 95  90  85  80  75  70  65  60  56  51  47  42  39  35  32  29  26  24  22  20  19  18  18  18  18  19  21  22  24  27  29  32  36  40  44  48  52  57  62  66  71  77  82  87  92  97  102 106 111 115 120 124 127 131 134 137 139 141 143 144 145 145 145 145 144 143 142 140 137 135 132 128 125 121 117 112 108 103 98  93  88  83  78  73  68  63  58  53  49  45  41  37
126 123 119 115 111 106 102 97  92  87  82  77  72  67  62  57  52  48  43  39  35  31  28  25  23  20  18  17  16  15  14  15  15  16  17  19  21  23  26  29  32  36  40  44  49  53  58  63  68  73  78  83  88  93  98  103 108 112 116 120 124 127 130 133 136 138 139 141 141 142 142 142 141 140 138 136 134 131 128 125 121 117 113 109 104 100 95  90  85  80  74  69  64  59  55  50  45  41  37  33
123 120 116 112 108 103 99  94  89  84  79  74  69  64  59  54  49  44  40  36  32  28  25  22  19  17  15  14  12  12  11  11  12  13  14  16  18  20  23  26  29  33  37  41  46  50  55  60  65  70  75  80  85  90  95  100 104 109 113 117 121 124 127 130 132 134 136 137 138 139 139 138 138 137 135 133 131 128 125 122 118 114 110 106 101 96  92  87  82  76  71  66  61  56  52  47  42  38  34  30
121 117 113 109 105 100 96  91  86  81  76  71  66  61  56  51  46  42  37  33  29  26  22  19  17  14  12  11  10  9   9   9   9   10  11  13  15  17  20  23  27  30  34  38  43  47  52  57  62  67  72  77  82  87  92  97  102 106 110 114 118 121 124 127 130 132 133 135 135 136 136 136 135 134 132 130 128 125 122 119 115 111 107 103 98  94  89  84  79  74  69  63  58  54  49  44  40  35  31  28
118 115 111 107 103 98  93  89  84  79  74  68  63  58  53  48  44  39  35  31  27  23  20  17  14  12  10  8   7   6   6   6   7   7   9   10  12  15  18  21  24  28  32  36  40  45  50  55  60  65  70  75  80  85  90  95  99  104 108 112 116 119 122 125 127 129 131 132 133 133 134 133 132 131 130 128 125 123 120 117 113 109 105 100 96  91  86  81  76  71  66  61  56  51  46  42  37  33  29  25
116 113 109 105 100 96  91  87  82  77  71  66  61  56  51  46  42  37  33  29  25  21  18  15  12  10  8   6   5   4   4   4   5   5   7   8   10  13  16  19  22  26  30  34  38  43  48  53  58  63  68  73  78  83  88  93  97  102 106 110 113 117 120 123 125 127 129 130 131 131 131 131 130 129 128 126 123 121 118 114 111 107 103 98  94  89  84  79  74  69  64  59  54  49  44  40  35  31  27  23
114 111 107 103 99  94  90  85  80  75  70  65  60  55  50  45  40  35  31  27  23  19  16  13  10  8   6   5   3   3   2   2   3   4   5   7   9   11  14  17  20  24  28  32  37  41  46  51  56  61  66  71  76  81  86  91  96  100 104 108 112 115 118 121 123 125 127 128 129 130 130 129 129 128 126 124 122 119 116 113 109 105 101 97  92  87  83  78  73  67  62  57  52  47  43  38  33  29  25  21
113 110 106 102 97  93  88  84  79  74  68  63  58  53  48  43  39  34  30  26  22  18  15  12  9   7   5   3   2   1   1   1   2   2   4   5   7   10  13  16  19  23  27  31  35  40  45  50  55  60  65  70  75  80  85  90  94  99  103 107 110 114 117 120 122 124 126 127 128 128 128 128 127 126 125 123 120 118 115 111 108 104 100 95  91  86  81  76  71  66  61  56  51  46  41  37  32  28  24  20
112 109 105 101 97  92  87  83  78  73  68  62  57  52  47  43  38  33  29  25  21  17  14  11  8   6   4   2   1   0   0   0   1   2   3   4   6   9   12  15  18  22  26  30  34  39  44  49  54  59  64  69  74  79  84  89  93  98  102 106 110 113 116 119 121 123 125 126 127 128 128 127 126 125 124 122 120 117 114 111 107 103 99  95  90  85  80  75  70  65  60  55  50  45  40  36  31  27  23  19
112 108 104 100 96  92  87  82  77  72  67  62  57  52  47  42  37  33  28  24  20  17  13  10  8   5   3   2   1   0   0   0   0   1   2   4   6   8   11  14  18  21  25  29  34  39  43  48  53  58  63  68  74  79  83  88  93  97  101 105 109 112 116 118 121 123 124 126 127 127 127 127 126 125 123 121 119 116 113 110 106 103 98  94  89  85  80  75  70  65  60  55  50  45  40  35  31  26  22  19
112 108 104 100 96  91  87  82  77  72  67  62  57  52  47  42  37  33  28  24  20  17  13  10  8   5   3   2   1   0   0   0   0   1   2   4   6   8   11  14  18  21  25  29  34  38  43  48  53  58  63  68  73  78  83  88  93  97  101 105 109 112 115 118 121 123 124 126 126 127 127 127 126 125 123 121 119 116 113 110 106 102 98  94  89  85  80  75  70  65  60  54  49  45  40  35  31  26  22  19
112 108 105 101 96  92  87  82  77  72  67  62  57  52  47  42  37  33  29  24  21  17  14  11  8   6   4   2   1   0   0   0   0   1   3   4   6   9   11  14  18  22  26  30  34  39  44  48  53  58  64  69  74  79  84  88  93  97  102 106 109 113 116 119 121 123 125 126 127 127 127 127 126 125 123 122 119 117 114 110 107 103 99  94  90  85  80  75  70  65  60  55  50  45  40  35  31  27  23  19
113 109 105 101 97  93  88  83  78  73  68  63  58  53  48  43  38  34  29  25  21  18  14  11  9   6   4   3   2   1   1   1   1   2   3   5   7   9   12  15  19  22  26  30  35  39  44  49  54  59  64  69  74  79  84  89  94  98  102 106 110 113 117 119 122 124 125 127 128 128 128 128 127 126 124 122 120 117 114 111 107 103 99  95  90  86  81  76  71  66  61  56  50  46  41  36  32  27  23  20
114 110 106 102 98  94  89  84  79  74  69  64  59  54  49  44  39  35  30  26  22  19  15  12  10  7   6   4   3   2   2   2   2   3   4   6   8   10  13  16  20  23  27  32  36  41  45  50  55  60  65  71  76  81  85  90  95  99  103 107 111 115 118 120 123 125 126 128 129 129 129 129 128 127 125 123 121 118 115 112 108 105 100 96  92  87  82  77  72  67  62  57  52  47  42  37  33  28  24  21
115 112 108 104 100 95  90  86  81  76  71  66  60  55  50  46  41  36  32  28  24  20  17  14  11  9   7   5   4   4   3   3   4   5   6   8   10  12  15  18  21  25  29  33  37  42  47  52  57  62  67  72  77  82  87  92  96  101 105 109 113 116 119 122 124 126 128 129 130 131 131 130 130 128 127 125 123 120 117 114 110 106 102 98  93  88  83  78  73  68  63  58  53  48  43  39  34  30  26  22
117 114 110 106 102 97  92  88  83  78  73  67  62  57  52  47  43  38  34  30  26  22  19  16  13  11  9   7   6   5   5   5   6   6   8   9   11  14  17  20  23  27  31  35  39  44  49  54  59  64  69  74  79  84  89  94  98  103 107 111 115 118 121 124 126 128 130 131 132 132 133 132 131 130 129 127 124 122 119 116 112 108 104 99  95  90  85  80  75  70  65  60  55  50  45  41  36  32  28  24
119 116 112 108 104 99  95  90  85  80  75  70  65  60  55  50  45  40  36  32  28  24  21  18  15  13  11  10  8   8   7   7   8   9   10  12  14  16  19  22  25  29  33  37  42  46  51  56  61  66  71  76  81  86  91  96  101 105 109 113 117 120 123 126 128 131 132 133 134 135 135 134 134 133 131 129 127 124 121 118 114 110 106 102 97  92  88  83  78  72  67  62  57  52  48  43  38  34  30  26
122 118 115 111 106 102 97  92  88  83  77  72  67  62  57  52  48  43  39  35  31  27  24  21  18  16  14  12  11  10  10  10  11  11  13  14  16  19  22  25  28  32  36  40  44  49  54  59  64  69  74  79  84  89  94  99  103 108 112 116 119 123 126 129 131 133 135 136 137 137 137 137 136 135 134 132 129 127 124 120 117 113 109 104 100 95  90  85  80  75  70  65  60  55  50  46  41  37  33  29
125 121 118 114 109 105 100 95  91  85  80  75  70  65  60  55  51  46  42  38  34  30  27  24  21  19  17  15  14  13  13  13  13  14  16  17  19  22  24  28  31  35  39  43  47  52  57  62  67  72  77  82  87  92  97  102 106 111 115 119 122 126 129 132 134 136 138 139 140 140 140 140 139 138 137 135 132 130 127 123 120 116 112 107 103 98  93  88  83  78  73  68  63  58  53  48  44  40  36  32
128 125 121 117 113 108 104 99  94  89  84  79  74  68  64  59  54  49  45  41  37  33  30  27  24  22  20  19  17  17  16  16  17  18  19  21  23  25  28  31  34  38  42  46  51  55  60  65  70  75  80  85  90  95  100 105 109 114 118 122 126 129 132 135 137 139 141 142 143 144 144 143 143 141 140 138 136 133 130 127 123 119 115 111 106 101 96  92  86  81  76  71  66  61  56  52  47  43  39  35
132 128 125 121 116 112 107 102 97  92  87  82  77  72  67  62  57  53  49  44  41  37  34  31  28  26  24  22  21  20  20  20  20  21  23  24  26  29  31  34  38  42  46  50  54  59  64  68  73  78  84  89  94  99  104 108 113 117 122 126 129 133 136 139 141 143 145 146 147 147 147 147 146 145 143 142 139 137 134 130 127 123 119 114 110 105 100 95  90  85  80  75  70  65  60  55  51  47  43  39
136 132 128 124 120 116 111 106 101 96  91  86  81  76  71  66  61  57  52  48  44  41  37  34  32  29  28  26  25  24  24  24  24  25  26  28  30  32  35  38  42  45  49  54  58  63  67  72  77  82  87  93  98  103 108 112 117 121 126 129 133 137 140 142 145 147 149 150 151 151 151 151 150 149 147 145 143 140 137 134 131 127 122 118 114 109 104 99  94  89  84  79  74  69  64  59  55  50  46  43
140 136 133 129 124 120 115 110 105 100 95  90  85  80  75  70  65  61  57  52  49  45  42  39  36  34  32  30  29  28  28  28  28  29  31  32  34  37  39  42  46  50  54  58  62  67  72  76  81  86  92  97  102 107 112 116 121 125 130 134 137 141 144 147 149 151 153 154 155 155 155 155 154 153 151 150 147 145 142 138 135 131 127 122 118 113 108 103 98  93  88  83  78  73  68  63  59  55  51  47
144 141 137 133 129 124 119 115 110 105 100 95  89  84  79  75  70  65  61  57  53  49  46  43  40  38  36  34  33  33  32  32  33  34  35  37  39  41  44  47  50  54  58  62  66  71  76  81  86  91  96  101 106 111 116 121 125 130 134 138 142 145 148 151 153 155 157 158 159 160 160 159 159 157 156 154 152 149 146 143 139 135 131 127 122 117 112 107 102 97  92  87  82  77  72  68  63  59  55  51
149 145 141 137 133 129 124 119 114 109 104 99  94  89  84  79  74  70  65  61  57  54  50  47  45  43  41  39  38  37  37  37  37  38  39  41  43  45  48  51  55  58  62  67  71  76  80  85  90  95  100 106 111 116 121 125 130 134 139 143 146 150 153 155 158 160 162 163 164 164 164 164 163 162 160 158 156 153 150 147 144 140 135 131 127 122 117 112 107 102 97  92  87  82  77  72  68  64  59  56
153 150 146 142 138 133 129 124 119 114 109 104 99  94  89  84  79  75  70  66  62  59  55  52  50  47  45  44  43  42  41  42  42  43  44  46  48  50  53  56  59  63  67  71  76  80  85  90  95  100 105 110 115 120 125 130 135 139 143 147 151 154 157 160 163 165 166 168 168 169 169 169 168 167 165 163 161 158 155 152 148 144 140 136 131 127 122 117 112 107 101 96  91  86  82  77  72  68  64  60
158 155 151 147 143 138 134 129 124 119 114 109 104 99  94  89  84  79  75  71  67  63  60  57  54  52  50  49  47  47  46  46  47  48  49  51  53  55  58  61  64  68  72  76  81  85  90  95  100 105 110 115 120 125 130 135 139 144 148 152 156 159 162 165 167 169 171 172 173 174 174 173 173 171 170 168 166 163 160 157 153 149 145 141 136 131 127 122 117 111 106 101 96  91  86  82  77  73  69  65
163 160 156 152 148 143 139 134 129 124 119 114 109 103 99  94  89  84  80  76  72  68  65  62  59  57  55  54  52  52  51  51  52  53  54  56  58  60  63  66  69  73  77  81  86  90  95  100 105 110 115 120 125 130 135 140 144 149 153 157 161 164 167 170 172 174 176 177 178 179 179 178 178 176 175 173 171 168 165 162 158 154 150 146 141 136 131 127 121 116 111 106 101 96  91  87  82  78  74  70
168 165 161 157 153 148 144 139 134 129 124 119 114 109 104 99  94  89  85  81  77  73  70  67  64  62  60  59  57  57  56  56  57  58  59  61  63  65  68  71  74  78  82  86  91  95  100 105 110 115 120 125 130 135 140 145 149 154 158 162 166 169 172 175 177 179 181 182 183 184 184 183 183 182 180 178 176 173 170 167 163 159 155 151 146 141 137 132 127 121 116 111 106 101 97  92  87  83  79  75
173 170 166 162 158 153 149 144 139 134 129 124 119 114 109 104 99  94  90  86  82  78  75  72  69  67  65  64  63  62  61  61  62  63  64  66  68  70  73  76  79  83  87  91  96  100 105 110 115 120 125 130 135 140 145 150 155 159 163 167 171 174 177 180 183 185 186 187 188 189 189 189 188 187 185 183 181 178 175 172 168 164 160 156 151 146 142 137 132 127 121 116 111 106 102 97  92  88  84  80
178 175 171 167 163 158 154 149 144 139 134 129 124 119 114 109 104 100 95  91  87  84  80  77  75  72  70  69  68  67  67  67  67  68  69  71  73  75  78  81  85  88  92  96  101 105 110 115 120 125 130 135 140 145 150 155 160 164 168 172 176 179 182 185 188 190 191 193 193 194 194 194 193 192 190 188 186 183 180 177 173 169 165 161 156 152 147 142 137 132 127 121 116 111 107 102 98  93  89  85
184 180 176 172 168 164 159 154 149 144 139 134 129 124 119 114 109 105 100 96  92  89  85  82  80  77  75  74  73  72  72  72  72  73  74  76  78  80  83  86  90  93  97  101 106 110 115 120 125 130 135 140 145 150 155 160 165 169 173 177 181 184 188 190 193 195 196 198 199 199 199 199 198 197 195 193 191 188 185 182 178 174 170 166 161 157 152 147 142 137 132 127 122 117 112 107 103 98  94  91
189 185 181 177 173 169 164 159 154 149 144 139 134 129 124 119 114 110 105 101 97  94  90  87  85  82  80  79  78  77  77  77  77  78  79  81  83  85  88  91  95  98  102 106 111 116 120 125 130 135 140 145 150 155 160 165 170 174 178 182 186 189 193 195 198 200 201 203 204 204 204 204 203 202 200 198 196 193 190 187 183 180 175 171 166 162 157 152 147 142 137 132 127 122 117 112 108 103 99  96
194 190 186 182 178 173 169 164 159 154 149 144 139 134 129 124 119 115 110 106 102 99  95  92  90  87  85  84  83  82  82  82  82  83  84  86  88  90  93  96  100 103 107 111 116 120 125 130 135 140 145 150 155 160 165 170 175 179 183 187 191 194 198 200 203 205 206 208 208 209 209 209 208 207 205 203 201 198 195 192 188 184 180 176 171 167 162 157 152 147 142 136 131 127 122 117 113 108 104 101
198 195 191 187 183 178 174 169 164 159 154 149 144 139 134 129 124 119 115 111 107 103 100 97  94  92  90  89  87  87  86  86  87  88  89  91  93  95  98  101 104 108 112 116 121 125 130 135 140 145 150 155 160 165 170 175 180 184 188 192 196 199 202 205 207 210 211 212 213 214 214 213 213 212 210 208 206 203 200 197 193 189 185 181 176 171 167 162 157 151 146 141 136 131 127 122 117 113 109 105
203 200 196 192 187 183 178 174 169 164 158 153 148 143 138 133 129 124 120 116 112 108 105 102 99  97  95  93  92  91  91  91  92  92  94  95  97  100 103 106 109 113 117 121 125 130 135 140 145 150 155 160 165 170 175 180 184 189 193 197 201 204 207 210 212 214 216 217 218 218 218 218 217 216 215 213 210 208 205 201 198 194 190 185 181 176 171 166 161 156 151 146 141 136 131 127 122 118 114 110
208 204 200 196 192 187 183 178 173 168 163 158 153 148 143 138 133 129 124 120 116 113 109 106 104 101 99  98  97  96  96  96  96  97  98  100 102 104 107 110 114 117 121 125 130 134 139 144 149 154 159 164 169 174 179 184 189 193 197 201 205 208 211 214 217 219 220 222 222 223 223 223 222 221 219 217 215 212 209 206 202 198 194 190 185 181 176 171 166 161 156 150 145 141 136 131 127 122 118 115
212 208 205 201 196 192 187 182 177 172 167 162 157 152 147 142 137 133 129 124 121 117 114 111 108 106 104 102 101 100 100 100 100 101 102 104 106 109 111 114 118 122 125 130 134 139 144 148 153 158 164 169 174 179 184 188 193 197 202 206 209 213 216 219 221 223 225 226 227 227 227 227 226 225 223 222 219 217 214 210 207 203 199 194 190 185 180 175 170 165 160 155 150 145 140 135 131 127 123 119
216 212 209 205 200 196 191 186 181 176 171 166 161 156 151 146 142 137 133 128 125 121 118 115 112 110 108 106 105 104 104 104 104 105 107 108 110 113 115 118 122 126 130 134 138 143 148 152 157 163 168 173 178 183 188 192 197 201 206 210 213 217 220 223 225 227 229 230 231 231 231 231 230 229 228 226 223 221 218 214 211 207 203 198 194 189 184 179 174 169 164 159 154 149 144 139 135 131 127 123
220 216 212 208 204 200 195 190 185 180 175 170 165 160 155 150 145 141 136 132 128 125 121 118 116 113 112 110 109 108 108 108 108 109 110 112 114 116 119 122 126 129 133 138 142 147 151 156 161 166 171 177 182 187 191 196 201 205 209 213 217 221 224 226 229 231 232 234 235 235 235 235 234 233 231 229 227 224 221 218 214 211 206 202 198 193 188 183 178 173 168 163 158 153 148 143 139 134 130 127
223 220 216 212 208 203 198 194 189 184 179 174 168 163 158 154 149 144 140 136 132 128 125 122 119 117 115 113 112 112 111 111 112 113 114 116 118 120 123 126 129 133 137 141 145 150 155 160 165 170 175 180 185 190 195 200 204 209 213 217 221 224 227 230 232 234 236 237 238 239 239 238 238 236 235 233 231 228 225 222 218 214 210 206 201 196 191 186 181 176 171 166 161 156 151 147 142 138 134 130
226 223 219 215 211 206 202 197 192 187 182 177 172 167 162 157 152 147 143 139 135 131 128 125 122 120 118 117 116 115 114 114 115 116 117 119 121 123 126 129 132 136 140 144 149 153 158 163 168 173 178 183 188 193 198 203 208 212 216 220 224 227 230 233 236 238 239 240 241 242 242 242 241 240 238 236 234 231 228 225 221 217 213 209 204 199 195 190 185 180 174 169 164 159 155 150 145 141 137 133
229 226 222 218 214 209 205 200 195 190 185 180 175 169 165 160 155 150 146 142 138 134 131 128 125 123 121 120 118 118 117 117 118 119 120 122 124 126 129 132 135 139 143 147 152 156 161 166 171 176 181 186 191 196 201 206 210 215 219 223 227 230 233 236 238 240 242 243 244 245 245 244 244 242 241 239 237 234 231 228 224 220 216 212 207 202 197 193 187 182 177 172 167 162 157 153 148 144 140 136
232 228 225 221 216 212 207 202 197 192 187 182 177 172 167 162 157 153 149 144 140 137 134 131 128 126 124 122 121 120 120 120 120 121 122 124 126 129 131 134 138 142 145 150 154 159 163 168 173 178 184 189 194 199 204 208 213 217 222 226 229 233 236 239 241 243 245 246 247 247 247 247 246 245 243 242 239 237 234 230 227 223 219 214 210 205 200 195 190 185 180 175 170 165 160 155 151 147 143 139
234 230 227 223 218 214 209 204 200 195 189 184 179 174 169 164 160 155 151 147 143 139 136 133 130 128 126 124 123 122 122 122 123 123 125 126 128 131 133 137 140 144 148 152 156 161 166 171 176 181 186 191 196 201 206 211 215 220 224 228 231 235 238 241 243 245 247 248 249 249 249 249 248 247 246 244 241 239 236 232 229 225 221 216 212 207 202 197 192 187 182 177 172 167 162 158 153 149 145 141
236 232 229 224 220 216 211 206 201 196 191 186 181 176 171 166 161 157 152 148 144 141 138 135 132 130 128 126 125 124 124 124 124 125 126 128 130 133 135 138 142 145 149 154 158 163 167 172 177 182 188 193 198 203 208 212 217 221 226 230 233 237 240 242 245 247 249 250 251 251 251 251 250 249 247 245 243 241 238 234 231 227 223 218 214 209 204 199 194 189 184 179 174 169 164 159 155 151 147 143
237 234 230 226 222 217 212 208 203 198 193 188 182 177 172 168 163 158 154 150 146 142 139 136 133 131 129 127 126 126 125 125 126 127 128 130 132 134 137 140 143 147 151 155 159 164 169 174 179 184 189 194 199 204 209 214 218 223 227 231 235 238 241 244 246 248 250 251 252 253 253 252 252 250 249 247 245 242 239 236 232 228 224 220 215 210 205 200 195 190 185 180 175 170 165 161 156 152 148 144
238 235 231 227 223 218 213 209 204 199 194 189 183 178 173 169 164 159 155 151 147 143 140 137 134 132 130 128 127 127 126 126 127 128 129 131 133 135 138 141 144 148 152 156 160 165 170 175 180 185 190 195 200 205 210 215 219 224 228 232 236 239 242 245 247 249 251 252 253 254 254 253 253 251 250 248 246 243 240 237 233 229 225 221 216 211 206 201 196 191 186 181 176 171 166 162 157 153 149 145
239 235 232 228 223 219 214 209 204 199 194 189 184 179 174 169 164 160 156 151 147 144 141 138 135 133 131 129 128 127 127 127 127 128 129 131 133 136 138 141 145 149 152 157 161 166 170 175 180 185 191 196 201 206 211 215 220 224 229 233 236 240 243 246 248 250 252 253 254 254 254 254 253 252 250 249 246 244 241 237 234 230 226 221 217 212 207 202 197 192 187 182 177 172 167 162 158 154 150 146
239 236 232 228 223 219 214 209 205 200 194 189 184 179 174 169 165 160 156 152 148 144 141 138 135 133 131 129 128 127 127 127 128 128 130 131 133 136 139 142 145 149 153 157 161 166 171 176 181 186 191 196 201 206 211 216 220 225 229 233 236 240 243 246 248 250 252 253 254 254 254 254 253 252 251 249 246 244 241 237 234 230 226 221 217 212 207 202 197 192 187 182 177 172 167 163 158 154 150 146
239 235 232 228 223 219 214 209 204 199 194 189 184 179 174 169 164 160 156 151 147 144 141 138 135 133 131 129 128 127 127 127 127 128 129 131 133 136 138 141 145 149 152 157 161 166 170 175 180 185 191 196 201 206 211 215 220 224 229 233 236 240 243 246 248 250 252 253 254 254 254 254 253 252 250 249 246 244 241 237 234 230 226 221 217 212 207 202 197 192 187 182 177 172 167 162 158 154 150 146
238 235 231 227 223 218 213 209 204 199 194 189 183 178 173 169 164 159 155 151 147 143 140 137 134 132 130 128 127 127 126 126 127 128 129 131 133 135 138 141 144 148 152 156 160 165 170 175 180 185 190 195 200 205 210 215 219 224 228 232 236 239 242 245 247 249 251 252 253 254 254 253 253 251 250 248 246 243 240 237 233 229 225 221 216 211 206 201 196 191 186 181 176 171 166 162 157 153 149 145
237 234 230 226 222 217 212 208 203 198 193 188 182 177 172 168 163 158 154 150 146 142 139 136 133 131 129 127 126 126 125 125 126 127 128 130 132 134 137 140 143 147 151 155 159 164 169 174 179 184 189 194 199 204 209 214 218 223 227 231 235 238 241 244 246 248 250 251 252 253 253 252 252 250 249 247 245 242 239 236 232 228 224 220 215 210 205 200 195 190 185 180 175 170 165 161 156 152 148 144
236 232 229 224 220 216 211 206 201 196 191 186 181 176 171 166 161 157 152 148 144 141 138 135 132 130 128 126 125 124 124 124 124 125 126 128 130 133 135 138 142 145 149 154 158 163 167 172 177 182 188 193 198 203 208 212 217 221 226 230 233 237 240 242 245 247 249 250 251 251 251 251 250 249 247 245 243 241 238 234 231 227 223 218 214 209 204 199 194 189 184 179 174 169 164 159 155 151 147 143
234 230 227 223 218 214 209 204 200 195 189 184 179 174 169 164 160 155 151 147 143 139 136 133 130 128 126 124 123 122 122 122 123 123 125 126 128 131 133 137 140 144 148 152 156 161 166 171 176 181 186 191 196 201 206 211 215 220 224 228 231 235 238 241 243 245 247 248 249 249 249 249 248 247 246 244 241 239 236 232 229 225 221 216 212 207 202 197 192 187 182 177 172 167 162 158 153 149 145 141
232 228 225 221 216 212 207 202 197 192 187 182 177 172 167 162 157 153 149 144 140 137 134 131 128 126 124 122 121 120 120 120 120 121 122 124 126 129 131 134 138 142 145 150 154 159 163 168 173 178 184 189 194 199 204 208 213 217 222 226 229 233 236 239 241 243 245 246 247 247 247 247 246 245 243 242 239 237 234 230 227 223 219 214 210 205 200 195 190 185 180 175 170 165 160 155 151 147 143 139
229 226 222 218 214 209 205 200 195 190 185 180 175 169 165 160 155 150 146 142 138 134 131 128 125 123 121 120 118 118 117 117 118 119 120 122 124 126 129 132 135 139 143 147 152 156 161 166 171 176 181 186 191 196 201 206 210 215 219 223 227 230 233 236 238 240 242 243 244 245 245 244 244 242 241 239 237 234 231 228 224 220 216 212 207 202 197 193 187 182 177 172 167 162 157 153 148 144 140 136
226 223 219 215 211 206 202 197 192 187 182 177 172 167 162 157 152 147 143 139 135 131 128 125 122 120 118 117 116 115 114 114 115 116 117 119 121 123 126 129 132 136 140 144 149 153 158 163 168 173 178 183 188 193 198 203 208 212 216 220 224 227 230 233 236 238 239 240 241 242 242 242 241 240 238 236 234 231 228 225 221 217 213 209 204 199 195 190 185 180 174 169 164 159 155 150 145 141 137 133
223 220 216 212 208 203 198 194 189 184 179 174 168 163 158 154 149 144 140 136 132 128 125 122 119 117 115 113 112 112 111 111 112 113 114 116 118 120 123 126 129 133 137 141 145 150 155 160 165 170 175 180 185 190 195 200 204 209 213 217 221 224 227 230 232 234 236 237 238 239 239 238 238 236 235 233 231 228 225 222 218 214 210 206 201 196 191 186 181 176 171 166 161 156 151 147 142 138 134 130
220 216 212 208 204 200 195 190 185 180 175 170 165 160 155 150 145 141 136 132 128 125 121 118 116 113 112 110 109 108 108 108 108 109 110 112 114 116 119 122 126 129 133 138 142 147 151 156 161 166 171 177 182 187 191 196 201 205 209 213 217 221 224 226 229 231 232 234 235 235 235 235 234 233 231 229 227 224 221 218 214 211 206 202 198 193 188 183 178 173 168 163 158 153 148 143 139 134 130 127
216 212 209 205 200 196 191 186 181 176 171 166 161 156 151 146 142 137 133 128 125 121 118 115 112 110 108 106 105 104 104 104 104 105 107 108 110 113 115 118 122 126 130 134 138 143 148 152 157 163 168 173 178 183 188 192 197 201 206 210 213 217 220 223 225 227 229 230 231 231 231 231 230 229 228 226 223 221 218 214 211 207 203 198 194 189 184 179 174 169 164 159 154 149 144 139 135 131 127 123
212 208 205 201 196 192 187 182 177 172 167 162 157 152 147 142 137 133 129 124 121 117 114 111 108 106 104 102 101 100 100 100 100 101 102 104 106 109 111 114 118 122 125 130 134 139 144 148 153 158 164 169 174 179 184 188 193 197 202 206 209 213 216 219 221 223 225 226 227 227 227 227 226 225 223 222 219 217 214 210 207 203 199 194 190 185 180 175 170 165 160 155 150 145 140 135 131 127 123 119
208 204 200 196 192 187 183 178 173 168 163 158 153 148 143 138 133 129 124 120 116 113 109 106 104 101 99  98  97  96  96  96  96  97  98  100 102 104 107 110 114 117 121 125 130 134 139 144 149 154 159 164 169 174 179 184 189 193 197 201 205 208 211 214 217 219 220 222 222 223 223 223 222 221 219 217 215 212 209 206 202 198 194 190 185 181 176 171 166 161 156 150 145 141 136 131 127 122 118 115
203 200 196 192 187 183 178 174 169 164 158 153 148 143 138 133 129 124 120 116 112 108 105 102 99  97  95  93  92  91  91  91  92  92  94  95  97  100 103 106 109 113 117 121 125 130 135 140 145 150 155 160 165 170 175 180 184 189 193 197 201 204 207 210 212 214 216 217 218 218 218 218 217 216 215 213 210 208 205 201 198 194 190 185 181 176 171 166 161 156 151 146 141 136 131 127 122 118 114 110
198 195 191 187 183 178 174 169 164 159 154 149 144 139 134 129 124 119 115 111 107 103 100 97  94  92  90  89  87  87  86  86  87  88  89  91  93  95  98  101 104 108 112 116 121 125 130 135 140 145 150 155 160 165 170 175 180 184 188 192 196 199 202 205 207 210 211 212 213 214 214 213 213 212 210 208 206 203 200 197 193 189 185 181 176 171 167 162 157 151 146 141 136 131 127 122 117 113 109 105
194 190 186 182 178 173 169 164 159 154 149 144 139 134 129 124 119 115 110 106 102 99  95  92  90  87  85  84  83  82  82  82  82  83  84  86  88  90  93  96  100 103 107 111 116 120 125 130 135 140 145 150 155 160 165 170 175 179 183 187 191 194 198 200 203 205 206 208 208 209 209 209 208 207 205 203 201 198 195 192 188 184 180 176 171 167 162 157 152 147 142 136 131 127 122 117 113 108 104 101
189 185 181 177 173 169 164 159 154 149 144 139 134 129 124 119 114 110 105 101 97  94  90  87  85  82  80  79  78  77  77  77  77  78  79  81  83  85  88  91  95  98  102 106 111 116 120 125 130 135 140 145 150 155 160 165 170 174 178 182 186 189 193 195 198 200 201 203 204 204 204 204 203 202 200 198 196 193 190 187 183 180 175 171 166 162 157 152 147 142 137 132 127 122 117 112 108 103 99  96
184 180 176 172 168 164 159 154 149 144 139 134 129 124 119 114 109 105 100 96  92  89  85  82  80  77  75  74  73  72  72  72  72  73  74  76  78  80  83  86  90  93  97  101 106 110 115 120 125 130 135 140 145 150 155 160 165 169 173 177 181 184 188 190 193 195 196 198 199 199 199 199 198 197 195 193 191 188 185 182 178 174 170 166 161 157 152 147 142 137 132 127 122 117 112 107 103 98  94  91
178 175 171 167 163 158 154 149 144 139 134 129 124 119 114 109 104 100 95  91  87  84  80  77  75  72  70  69  68  67  67  67  67  68  69  71  73  75  78  81  85  88  92  96  101 105 110 115 120 125 130 135 140 145 150 155 160 164 168 172 176 179 182 185 188 190 191 193 193 194 194 194 193 192 190 188 186 183 180 177 173 169 165 161 156 152 147 142 137 132 127 121 116 111 107 102 98  93  89  85
173 170 166 162 158 153 149 144 139 134 129 124 119 114 109 104 99  94  90  86  82  78  75  72  69  67  65  64  63  62  61  61  62  63  64  66  68  70  73  76  79  83  87  91  96  100 105 110 115 120 125 130 135 140 145 150 155 159 163 167 171 174 177 180 183 185 186 187 188 189 189 189 188 187 185 183 181 178 175 172 168 164 160 156 151 146 142 137 132 127 121 116 111 106 102 97  92  88  84  80
168 165 161 157 153 148 144 139 134 129 124 119 114 109 104 99  94  89  85  81  77  73  70  67  64  62  60  59  57  57  56  56  57  58  59  61  63  65  68  71  74  78  82  86  91  95  100 105 110 115 120 125 130 135 140 145 149 154 158 162 166 169 172 175 177 179 181 182 183 184 184 183 183 182 180 178 176 173 170 167 163 159 155 151 146 141 137 132 127 121 116 111 106 101 97  92  87  83  79  75
163 160 156 152 148 143 139 134 129 124 119 114 109 103 99  94  89  84  80  76  72  68  65  62  59  57  55  54  52  52  51  51  52  53  54  56  58  60  63  66  69  73  77  81  86  90  95  100 105 110 115 120 125 130 135 140 144 149 153 157 161 164 167 170 172 174 176 177 178 179 179 178 178 176 175 173 171 168 165 162 158 154 150 146 141 136 131 127 121 116 111 106 101 96  91  87  82  78  74  70
158 155 151 147 143 138 134 129 124 119 114 109 104 99  94  89  84  79  75  71  67  63  60  57  54  52  50  49  47  47  46  46  47  48  49  51  53  55  58  61  64  68  72  76  81  85  90  95  100 105 110 115 120 125 130 135 139 144 148 152 156 159 162 165 167 169 171 172 173 174 174 173 173 171 170 168 166 163 160 157 153 149 145 141 136 131 127 122 117 111 106 101 96  91  86  82  77  73  69  65
153 150 146 142 138 133 129 124 119 114 109 104 99  94  89  84  79  75  70  66  62  59  55  52  50  47  45  44  43  42  41  42  42  43  44  46  48  50  53  56  59  63  67  71  76  80  85  90  95  100 105 110 115 120 125 130 135 139 143 147 151 154 157 160 163 165 166 168 168 169 169 169 168 167 165 163 161 158 155 152 148 144 140 136 131 127 122 117 112 107 101 96  91  86  82  77  72  68  64  60
149 145 141 137 133 129 124 119 114 109 104 99  94  89  84  79  74  70  65  61  57  54  50  47  45  43  41  39  38  37  37  37  37  38  39  41  43  45  48  51  55  58  62  67  71  76  80  85  90  95  100 106 111 116 121 125 130 134 139 143 146 150 153 155 158 160 162 163 164 164 164 164 163 162 160 158 156 153 150 147 144 140 135 131 127 122 117 112 107 102 97  92  87  82  77  72  68  64  59  56
144 141 137 133 129 124 119 115 110 105 100 95  89  84  79  75  70  65  61  57  53  49  46  43  40  38  36  34  33  33  32  32  33  34  35  37  39  41  44  47  50  54  58  62  66  71  76  81  86  91  96  101 106 111 116 121 125 130 134 138 142 145 148 151 153 155 157 158 159 160 160 159 159 157 156 154 152 149 146 143 139 135 131 127 122 117 112 107 102 97  92  87  82  77  72  68  63  59  55  51
140 136 133 129 124 120 115 110 105 100 95  90  85  80  75  70  65  61  57  52  49  45  42  39  36  34  32  30  29  28  28  28  28  29  31  32  34  37  39  42  46  50  54  58  62  67  72  76  81  86  92  97  102 107 112 116 121 125 130 134 137 141 144 147 149 151 153 154 155 155 155 155 154 153 151 150 147 145 142 138 135 131 127 122 118 113 108 103 98  93  88  83  78  73  68  63  59  55  51  47
136 132 128 124 120 116 111 106 101 96  91  86  81  76  71  66  61  57  52  48  44  41  37  34  32  29  28  26  25  24  24  24  24  25  26  28  30  32  35  38  42  45  49  54  58  63  67  72  77  82  87  93  98  103 108 112 117 121 126 129 133 137 140 142 145 147 149 150 151 151 151 151 150 149 147 145 143 140 137 134 131 127 122 118 114 109 104 99  94  89  84  79  74  69  64  59  55  50  46  43
132 128 125 121 116 112 107 102 97  92  87  82  77  72  67  62  57  53  49  44  41  37  34  31  28  26  24  22  21  20  20  20  20  21  23  24  26  29  31  34  38  42  46  50  54  59  64  68  73  78  84  89  94  99  104 108 113 117 122 126 129 133 136 139 141 143 145 146 147 147 147 147 146 145 143 142 139 137 134 130 127 123 119 114 110 105 100 95  90  85  80  75  70  65  60  55  51  47  43  39
128 125 121 117 113 108 104 99  94  89  84  79  74  68  64  59  54  49  45  41  37  33  30  27  24  22  20  19  17  17  16  16  17  18  19  21  23  25  28  31  34  38  42  46  51  55  60  65  70  75  80  85  90  95  100 105 109 114 118 122 126 129 132 135 137 139 141 142 143 144 144 143 143 141 140 138 136 133 130 127 123 119 115 111 106 101 96  92  86  81  76  71  66  61  56  52  47  43  39  35
125 121 118 114 109 105 100 95  91  85  80  75  70  65  60  55  51  46  42  38  34  30  27  24  21  19  17  15  14  13  13  13  13  14  16  17  19  22  24  28  31  35  39  43  47  52  57  62  67  72  77  82  87  92  97  102 106 111 115 119 122 126 129 132 134 136 138 139 140 140 140 140 139 138 137 135 132 130 127 123 120 116 112 107 103 98  93  88  83  78  73  68  63  58  53  48  44  40  36  32
122 118 115 111 106 102 97  92  88  83  77  72  67  62  57  52  48  43  39  35  31  27  24  21  18  16  14  12  11  10  10  10  11  11  13  14  16  19  22  25  28  32  36  40  44  49  54  59  64  69  74  79  84  89  94  99  103 108 112 116 119 123 126 129 131 133 135 136 137 137 137 137 136 135 134 132 129 127 124 120 117 113 109 104 100 95  90  85  80  75  70  65  60  55  50  46  41  37  33  29
119 116 112 108 104 99  95  90  85  80  75  70  65  60  55  50  45  40  36  32  28  24  21  18  15  13  11  10  8   8   7   7   8   9   10  12  14  16  19  22  25  29  33  37  42  46  51  56  61  66  71  76  81  86  91  96  101 105 109 113 117 120 123 126 128 131 132 133 134 135 135 134 134 133 131 129 127 124 121 118 114 110 106 102 97  92  88  83  78  72  67  62  57  52  48  43  38  34  30  26
117 114 110 106 102 97  92  88  83  78  73  67  62  57  52  47  43  38  34  30  26  22  19  16  13  11  9   7   6   5   5   5   6   6   8   9   11  14  17  20  23  27  31  35  39  44  49  54  59  64  69  74  79  84  89  94  98  103 107 111 115 118 121 124 126 128 130 131 132 132 133 132 131 130 129 127 124 122 119 116 112 108 104 99  95  90  85  80  75  70  65  60  55  50  45  41  36  32  28  24
115 112 108 104 100 95  90  86  81  76  71  66  60  55  50  46  41  36  32  28  24  20  17  14  11  9   7   5   4   4   3   3   4   5   6   8   10  12  15  18  21  25  29  33  37  42  47  52  57  62  67  72  77  82  87  92  96  101 105 109 113 116 119 122 124 126 128 129 130 131 131 130 130 128 127 125 123 120 117 114 110 106 102 98  93  88  83  78  73  68  63  58  53  48  43  39  34  30  26  22
114 110 106 102 98  94  89  84  79  74  69  64  59  54  49  44  39  35  30  26  22  19  15  12  10  7   6   4   3   2   2   2   2   3   4   6   8   10  13  16  20  23  27  32  36  41  45  50  55  60  65  71  76  81  85  90  95  99  103 107 111 115 118 120 123 125 126 128 129 129 129 129 128 127 125 123 121 118 115 112 108 105 100 96  92  87  82  77  72  67  62  57  52  47  42  37  33  28  24  21
113 109 105 101 97  93  88  83  78  73  68  63  58  53  48  43  38  34  29  25  21  18  14  11  9   6   4   3   2   1   1   1   1   2   3   5   7   9   12  15  19  22  26  30  35  39  44  49  54  59  64  69  74  79  84  89  94  98  102 106 110 113 117 119 122 124 125 127 128 128 128 128 127 126 124 122 120 117 114 111 107 103 99  95  90  86  81  76  71  66  61  56  50  46  41  36  32  27  23  20
112 108 105 101 96  92  87  82  77  72  67  62  57  52  47  42  37  33  29  24  21  17  14  11  8   6   4   2   1   0   0   0   0   1   3   4   6   9   11  14  18  22  26  30  34  39  44  48  53  58  64  69  74  79  84  88  93  97  102 106 109 113 116 119 121 123 125 126 127 127 127 127 126 125 123 122 119 117 114 110 107 103 99  94  90  85  80  75  70  65  60  55  50  45  40  35  31  27  23  19
112 108 104 100 96  91  87  82  77  72  67  62  57  52  47  42  37  33  28  24  20  17  13  10  8   5   3   2   1   0   0   0   0   1   2   4   6   8   11  14  18  21  25  29  34  38  43  48  53  58  63  68  73  78  83  88  93  97  101 105 109 112 115 118 121 123 124 126 126 127 127 127 126 125 123 121 119 116 113 110 106 102 98  94  89  85  80  75  70  65  60  54  49  45  40  35  31  26  22  19
112 108 104 100 96  92  87  82  77  72  67  62  57  52  47  42  37  33  28  24  20  17  13  10  8   5   3   2   1   0   0   0   0   1   2   4   6   8   11  14  18  21  25  29  34  39  43  48  53  58  63  68  74  79  83  88  93  97  101 105 109 112 116 118 121 123 124 126 127 127 127 127 126 125 123 121 119 116 113 110 106 103 98  94  89  85  80  75  70  65  60  55  50  45  40  35  31  26  22  19
112 109 105 101 97  92  87  83  78  73  68  62  57  52  47  43  38  33  29  25  21  17  14  11  8   6   4   2   1   0   0   0   1   2   3   4   6   9   12  15  18  22  26  30  34  39  44  49  54  59  64  69  74  79  84  89  93  98  102 106 110 113 116 119 121 123 125 126 127 128 128 127 126 125 124 122 120 117 114 111 107 103 99  95  90  85  80  75  70  65  60  55  50  45  40  36  31  27  23  19
113 110 106 102 97  93  88  84  79  74  68  63  58  53  48  43  39  34  30  26  22  18  15  12  9   7   5   3   2   1   1   1   2   2   4   5   7   10  13  16  19  23  27  31  35  40  45  50  55  60  65  70  75  80  85  90  94  99  103 107 110 114 117 120 122 124 126 127 128 128 128 128 127 126 125 123 120 118 115 111 108 104 100 95  91  86  81  76  71  66  61  56  51  46  41  37  32  28  24  20
114 111 107 103 99  94  90  85  80  75  70  65  60  55  50  45  40  35  31  27  23  19  16  13  10  8   6   5   3   3   2   2   3   4   5   7   9   11  14  17  20  24  28  32  37  41  46  51  56  61  66  71  76  81  86  91  96  100 104 108 112 115 118 121 123 125 127 128 129 130 130 129 129 128 126 124 122 119 116 113 109 105 101 97  92  87  83  78  73  67  62  57  52  47  43  38  33  29  25  21
116 113 109 105 100 96  91  87  82  77  71  66  61  56  51  46  42  37  33  29  25  21  18  15  12  10  8   6   5   4   4   4   5   5   7   8   10  13  16  19  22  26  30  34  38  43  48  53  58  63  68  73  78  83  88  93  97  102 106 110 113 117 120 123 125 127 129 130 131 131 131 131 130 129 128 126 123 121 118 114 111 107 103 98  94  89  84  79  74  69  64  59  54  49  44  40  35  31  27  23
118 115 111 107 103 98  93  89  84  79  74  68  63  58  53  48  44  39  35  31  27  23  20  17  14  12  10  8   7   6   6   6   7   7   9   10  12  15  18  21  24  28  32  36  40  45  50  55  60  65  70  75  80  85  90  95  99  104 108 112 116 119 122 125 127 129 131 132 133 133 134 133 132 131 130 128 125 123 120 117 113 109 105 100 96  91  86  81  76  71  66  61  56  51  46  42  37  33  29  25
121 117 113 109 105 100 96  91  86  81  76  71  66  61  56  51  46  42  37  33  29  26  22  19  17  14  12  11  10  9   9   9   9   10  11  13  15  17  20  23  27  30  34  38  43  47  52  57  62  67  72  77  82  87  92  97  102 106 110 114 118 121 124 127 130 132 133 135 135 136 136 136 135 134 132 130 128 125 122 119 115 111 107 103 98  94  89  84  79  74  69  63  58  54  49  44  40  35  31  28
123 120 116 112 108 103 99  94  89  84  79  74  69  64  59  54  49  44  40  36  32  28  25  22  19  17  15  14  12  12  11  11  12  13  14  16  18  20  23  26  29  33  37  41  46  50  55  60  65  70  75  80  85  90  95  100 104 109 113 117 121 124 127 130 132 134 136 137 138 139 139 138 138 137 135 133 131 128 125 122 118 114 110 106 101 96  92  87  82  76  71  66  61  56  52  47  42  38  34  30
126 123 119 115 111 106 102 97  92  87  82  77  72  67  62  57  52  48  43  39  35  31  28  25  23  20  18  17  16  15  14  15  15  16  17  19  21  23  26  29  32  36  40  44  49  53  58  63  68  73  78  83  88  93  98  103 108 112 116 120 124 127 130 133 136 138 139 141 141 142 142 142 141 140 138 136 134 131 128 125 121 117 113 109 104 100 95  90  85  80  74  69  64  59  55  50  45  41  37  33
130 126 123 119 114 110 105 100 95  90  85  80  75  70  65  60  56  51  47  42  39  35  32  29  26  24  22  20  19  18  18  18  18  19  21  22  24  27  29  32  36  40  44  48  52  57  62  66  71  77  82  87  92  97  102 106 111 115 120 124 127 131 134 137 139 141 143 144 145 145 145 145 144 143 142 140 137 135 132 128 125 121 117 112 108 103 98  93  88  83  78  73  68  63  58  53  49  45  41  37